function a = C(v)
    C = [0,0,-33.8*v(2)-1.0948*v(3);...
        0,0,25.8*v(1);...
        33.8*v(2)+1.0948*v(3),-25.8*v(1),0];
    a = C;
end